(0,0) (0,0,0)
(1,0) (0,0,0)
(2,0) (0,0,0)
(3,0) (0,0,0)
(4,0) (0,0,0)
(5,0) (0,0,0)
(6,0) (0,0,0)
(7,0) (0,0,0)
(8,0) (0,0,0)
(9,0) (0,0,0)
(10,0) (0,0,0)
(11,0) (0,0,0)
(12,0) (0,0,0)
(13,0) (0,0,0)
(14,0) (75,172,64)
(15,0) (76,165,45)
(16,0) (69,158,40)
(17,0) (60,151,34)
(18,0) (45,144,38)
(19,0) (0,0,0)
(20,0) (0,0,0)
(21,0) (0,0,0)
(22,0) (0,0,0)
(23,0) (0,0,0)
(0,1) (0,0,0)
(1,1) (0,0,0)
(2,1) (0,0,0)
(3,1) (0,0,0)
(4,1) (0,0,0)
(5,1) (0,0,0)
(6,1) (0,0,0)
(7,1) (0,0,0)
(8,1) (0,0,0)
(9,1) (0,0,0)
(10,1) (0,0,0)
(11,1) (0,0,0)
(12,1) (0,0,0)
(13,1) (79,176,68)
(14,1) (83,171,49)
(15,1) (119,204,77)
(16,1) (132,217,90)
(17,1) (125,211,84)
(18,1) (51,143,28)
(19,1) (37,136,31)
(20,1) (0,0,0)
(21,1) (26,123,17)
(22,1) (22,119,12)
(23,1) (0,0,0)
(0,2) (0,0,0)
(1,2) (0,0,0)
(2,2) (0,0,0)
(3,2) (0,0,0)
(4,2) (0,0,0)
(5,2) (0,0,0)
(6,2) (0,0,0)
(7,2) (0,0,0)
(8,2) (0,0,0)
(9,2) (0,0,0)
(10,2) (0,0,0)
(11,2) (0,0,0)
(12,2) (0,0,0)
(13,2) (85,175,58)
(14,2) (108,193,68)
(15,2) (91,178,55)
(16,2) (132,217,90)
(17,2) (125,211,84)
(18,2) (116,202,75)
(19,2) (42,135,23)
(20,2) (32,129,21)
(21,2) (58,149,33)
(22,2) (22,119,12)
(23,2) (0,0,0)
(0,3) (0,0,0)
(1,3) (0,0,0)
(2,3) (0,0,0)
(3,3) (0,0,0)
(4,3) (0,0,0)
(5,3) (0,0,0)
(6,3) (0,0,0)
(7,3) (0,0,0)
(8,3) (0,0,0)
(9,3) (0,0,0)
(10,3) (0,0,0)
(11,3) (0,0,0)
(12,3) (0,0,0)
(13,3) (88,175,53)
(14,3) (80,171,55)
(15,3) (69,166,58)
(16,3) (69,158,40)
(17,3) (132,217,90)
(18,3) (116,202,75)
(19,3) (105,190,66)
(20,3) (65,155,37)
(21,3) (88,175,53)
(22,3) (22,119,12)
(23,3) (0,0,0)
(0,4) (0,0,0)
(1,4) (0,0,0)
(2,4) (0,0,0)
(3,4) (0,0,0)
(4,4) (0,0,0)
(5,4) (0,0,0)
(6,4) (0,0,0)
(7,4) (0,0,0)
(8,4) (0,0,0)
(9,4) (0,0,0)
(10,4) (0,0,0)
(11,4) (0,0,0)
(12,4) (0,0,0)
(13,4) (82,176,63)
(14,4) (0,0,0)
(15,4) (0,0,0)
(16,4) (0,0,0)
(17,4) (60,151,34)
(18,4) (132,217,90)
(19,4) (105,190,66)
(20,4) (95,181,58)
(21,4) (88,175,53)
(22,4) (22,119,12)
(23,4) (0,0,0)
(0,5) (0,0,0)
(1,5) (208,136,13)
(2,5) (214,151,36)
(3,5) (210,139,20)
(4,5) (210,139,20)
(5,5) (210,139,20)
(6,5) (210,139,20)
(7,5) (210,139,20)
(8,5) (210,139,20)
(9,5) (213,149,34)
(10,5) (218,159,64)
(11,5) (0,0,0)
(12,5) (0,0,0)
(13,5) (0,0,0)
(14,5) (0,0,0)
(15,5) (0,0,0)
(16,5) (0,0,0)
(17,5) (58,151,38)
(18,5) (85,172,50)
(19,5) (132,217,90)
(20,5) (95,181,58)
(21,5) (88,175,53)
(22,5) (22,119,12)
(23,5) (0,0,0)
(0,6) (0,0,0)
(1,6) (210,139,20)
(2,6) (255,253,175)
(3,6) (255,239,122)
(4,6) (255,239,124)
(5,6) (255,239,124)
(6,6) (255,239,124)
(7,6) (255,239,124)
(8,6) (255,239,124)
(9,6) (255,243,126)
(10,6) (216,154,36)
(11,6) (0,0,0)
(12,6) (0,0,0)
(13,6) (0,0,0)
(14,6) (0,0,0)
(15,6) (0,0,0)
(16,6) (67,159,44)
(17,6) (94,180,57)
(18,6) (132,217,90)
(19,6) (105,190,66)
(20,6) (95,181,58)
(21,6) (88,175,53)
(22,6) (22,119,12)
(23,6) (0,0,0)
(0,7) (0,0,0)
(1,7) (210,139,20)
(2,7) (255,218,47)
(3,7) (255,201,0)
(4,7) (255,202,0)
(5,7) (255,202,0)
(6,7) (255,202,0)
(7,7) (255,202,0)
(8,7) (255,202,0)
(9,7) (255,204,0)
(10,7) (218,147,5)
(11,7) (216,158,61)
(12,7) (210,139,20)
(13,7) (210,139,20)
(14,7) (210,139,20)
(15,7) (210,139,20)
(16,7) (69,158,40)
(17,7) (60,151,34)
(18,7) (51,143,28)
(19,7) (42,135,23)
(20,7) (34,129,18)
(21,7) (27,123,15)
(22,7) (21,119,13)
(23,7) (0,0,0)
(0,8) (0,0,0)
(1,8) (210,139,20)
(2,8) (255,218,46)
(3,8) (255,203,0)
(4,8) (255,204,1)
(5,8) (255,204,1)
(6,8) (255,204,1)
(7,8) (255,204,1)
(8,8) (255,204,1)
(9,8) (255,202,0)
(10,8) (255,227,76)
(11,8) (255,247,149)
(12,8) (255,245,144)
(13,8) (255,245,144)
(14,8) (255,245,143)
(15,8) (255,245,143)
(16,8) (255,245,143)
(17,8) (255,245,141)
(18,8) (255,245,141)
(19,8) (210,139,20)
(20,8) (229,191,126)
(21,8) (0,0,0)
(22,8) (0,0,0)
(23,8) (0,0,0)
(0,9) (0,0,0)
(1,9) (210,139,20)
(2,9) (255,218,46)
(3,9) (255,203,0)
(4,9) (255,203,0)
(5,9) (255,203,0)
(6,9) (255,203,0)
(7,9) (255,203,0)
(8,9) (255,203,0)
(9,9) (255,203,0)
(10,9) (255,203,0)
(11,9) (255,203,0)
(12,9) (255,203,0)
(13,9) (255,203,0)
(14,9) (255,203,0)
(15,9) (255,203,0)
(16,9) (255,203,0)
(17,9) (248,194,3)
(18,9) (238,205,95)
(19,9) (210,139,20)
(20,9) (210,139,20)
(21,9) (210,139,20)
(22,9) (210,139,20)
(23,9) (210,139,20)
(0,10) (0,0,0)
(1,10) (210,139,20)
(2,10) (255,219,45)
(3,10) (255,203,0)
(4,10) (255,203,0)
(5,10) (255,203,0)
(6,10) (255,203,0)
(7,10) (255,203,0)
(8,10) (255,203,0)
(9,10) (255,203,0)
(10,10) (254,202,0)
(11,10) (244,188,5)
(12,10) (234,173,9)
(13,10) (224,159,14)
(14,10) (211,141,19)
(15,10) (210,139,20)
(16,10) (210,139,20)
(17,10) (210,139,20)
(18,10) (219,159,43)
(19,10) (226,175,60)
(20,10) (233,190,75)
(21,10) (229,180,61)
(22,10) (210,139,20)
(23,10) (210,139,20)
(0,11) (0,0,0)
(1,11) (210,139,20)
(2,11) (255,220,44)
(3,11) (255,203,0)
(4,11) (252,198,1)
(5,11) (236,176,8)
(6,11) (227,163,13)
(7,11) (218,150,17)
(8,11) (210,139,20)
(9,11) (210,139,20)
(10,11) (210,139,20)
(11,11) (210,139,20)
(12,11) (219,160,49)
(13,11) (226,178,71)
(14,11) (233,195,91)
(15,11) (240,210,107)
(16,11) (247,225,123)
(17,11) (255,240,137)
(18,11) (254,238,131)
(19,11) (254,236,124)
(20,11) (255,235,118)
(21,11) (220,159,39)
(22,11) (210,139,20)
(23,11) (0,0,0)
(0,12) (0,0,0)
(1,12) (210,139,20)
(2,12) (255,220,46)
(3,12) (253,200,0)
(4,12) (210,139,20)
(5,12) (210,139,20)
(6,12) (219,161,52)
(7,12) (226,179,78)
(8,12) (233,198,103)
(9,12) (240,213,124)
(10,12) (247,230,146)
(11,12) (254,246,158)
(12,12) (254,245,157)
(13,12) (255,243,150)
(14,12) (254,241,140)
(15,12) (254,233,114)
(16,12) (255,221,65)
(17,12) (255,220,63)
(18,12) (255,220,63)
(19,12) (255,220,63)
(20,12) (242,207,87)
(21,12) (210,139,20)
(22,12) (210,139,20)
(23,12) (0,0,0)
(0,13) (0,0,0)
(1,13) (210,139,20)
(2,13) (255,224,63)
(3,13) (246,190,3)
(4,13) (216,153,41)
(5,13) (255,248,165)
(6,13) (254,249,171)
(7,13) (255,246,153)
(8,13) (255,244,152)
(9,13) (254,245,160)
(10,13) (254,243,151)
(11,13) (255,240,136)
(12,13) (255,235,117)
(13,13) (255,230,99)
(14,13) (255,225,80)
(15,13) (255,221,69)
(16,13) (255,220,63)
(17,13) (255,220,63)
(18,13) (255,220,63)
(19,13) (255,220,63)
(20,13) (220,159,39)
(21,13) (210,139,20)
(22,13) (0,0,0)
(23,13) (0,0,0)
(0,14) (0,0,0)
(1,14) (210,139,20)
(2,14) (255,229,80)
(3,14) (224,159,13)
(4,14) (229,187,89)
(5,14) (254,248,169)
(6,14) (255,247,163)
(7,14) (255,244,148)
(8,14) (255,242,140)
(9,14) (255,238,129)
(10,14) (255,235,117)
(11,14) (255,232,104)
(12,14) (255,228,92)
(13,14) (255,225,82)
(14,14) (255,223,72)
(15,14) (255,220,64)
(16,14) (255,220,63)
(17,14) (255,220,63)
(18,14) (255,220,63)
(19,14) (242,206,84)
(20,14) (210,139,20)
(21,14) (210,139,20)
(22,14) (0,0,0)
(23,14) (0,0,0)
(0,15) (0,0,0)
(1,15) (210,139,20)
(2,15) (255,233,97)
(3,15) (210,139,20)
(4,15) (244,224,142)
(5,15) (254,249,171)
(6,15) (255,245,154)
(7,15) (255,243,144)
(8,15) (255,239,133)
(9,15) (255,237,122)
(10,15) (255,234,110)
(11,15) (255,230,98)
(12,15) (255,227,86)
(13,15) (255,224,76)
(14,15) (255,222,67)
(15,15) (255,220,63)
(16,15) (255,220,63)
(17,15) (255,220,63)
(18,15) (255,220,63)
(19,15) (220,158,38)
(20,15) (210,139,20)
(21,15) (0,0,0)
(22,15) (0,0,0)
(23,15) (0,0,0)
(0,16) (0,0,0)
(1,16) (210,139,20)
(2,16) (252,227,92)
(3,16) (215,152,39)
(4,16) (255,248,166)
(5,16) (254,248,165)
(6,16) (255,244,147)
(7,16) (255,242,138)
(8,16) (255,238,127)
(9,16) (255,235,115)
(10,16) (255,231,103)
(11,16) (255,227,91)
(12,16) (255,224,80)
(13,16) (255,222,71)
(14,16) (255,221,64)
(15,16) (255,220,63)
(16,16) (255,220,63)
(17,16) (255,220,63)
(18,16) (241,204,80)
(19,16) (210,139,20)
(20,16) (210,139,20)
(21,16) (0,0,0)
(22,16) (0,0,0)
(23,16) (0,0,0)
(0,17) (0,0,0)
(1,17) (210,139,20)
(2,17) (230,181,54)
(3,17) (229,187,89)
(4,17) (254,248,171)
(5,17) (255,245,155)
(6,17) (255,242,142)
(7,17) (255,240,132)
(8,17) (255,237,121)
(9,17) (255,233,108)
(10,17) (255,230,96)
(11,17) (255,226,85)
(12,17) (255,223,75)
(13,17) (255,220,67)
(14,17) (255,220,63)
(15,17) (255,220,63)
(16,17) (255,220,63)
(17,17) (255,220,63)
(18,17) (219,158,37)
(19,17) (210,139,20)
(20,17) (0,0,0)
(21,17) (0,0,0)
(22,17) (0,0,0)
(23,17) (0,0,0)
(0,18) (0,0,0)
(1,18) (210,139,20)
(2,18) (210,139,20)
(3,18) (244,223,139)
(4,18) (254,247,170)
(5,18) (255,243,146)
(6,18) (255,240,136)
(7,18) (255,238,126)
(8,18) (255,234,113)
(9,18) (255,231,102)
(10,18) (255,227,89)
(11,18) (255,225,79)
(12,18) (255,222,70)
(13,18) (255,220,63)
(14,18) (255,220,63)
(15,18) (255,220,63)
(16,18) (255,220,63)
(17,18) (241,203,76)
(18,18) (210,139,20)
(19,18) (210,139,20)
(20,18) (0,0,0)
(21,18) (0,0,0)
(22,18) (0,0,0)
(23,18) (0,0,0)
(0,19) (0,0,0)
(1,19) (210,139,20)
(2,19) (215,152,38)
(3,19) (254,247,167)
(4,19) (255,246,159)
(5,19) (255,242,141)
(6,19) (255,239,130)
(7,19) (255,235,118)
(8,19) (255,232,106)
(9,19) (255,229,95)
(10,19) (255,225,83)
(11,19) (255,223,73)
(12,19) (255,220,65)
(13,19) (255,220,63)
(14,19) (255,220,63)
(15,19) (255,220,63)
(16,19) (255,220,63)
(17,19) (219,157,35)
(18,19) (210,139,20)
(19,19) (0,0,0)
(20,19) (0,0,0)
(21,19) (0,0,0)
(22,19) (0,0,0)
(23,19) (0,0,0)
(0,20) (0,0,0)
(1,20) (212,143,25)
(2,20) (229,187,87)
(3,20) (254,247,165)
(4,20) (255,244,149)
(5,20) (255,240,135)
(6,20) (255,237,124)
(7,20) (255,234,112)
(8,20) (255,230,99)
(9,20) (255,227,88)
(10,20) (255,224,77)
(11,20) (255,221,70)
(12,20) (255,220,64)
(13,20) (240,199,70)
(14,20) (225,170,49)
(15,20) (214,148,28)
(16,20) (210,139,20)
(17,20) (210,139,20)
(18,20) (210,139,20)
(19,20) (0,0,0)
(20,20) (0,0,0)
(21,20) (0,0,0)
(22,20) (0,0,0)
(23,20) (0,0,0)
(0,21) (0,0,0)
(1,21) (210,139,20)
(2,21) (243,220,133)
(3,21) (254,247,164)
(4,21) (255,241,140)
(5,21) (255,239,129)
(6,21) (255,235,115)
(7,21) (255,232,105)
(8,21) (243,214,109)
(9,21) (233,189,77)
(10,21) (223,167,50)
(11,21) (212,144,25)
(12,21) (210,139,20)
(13,21) (210,139,20)
(14,21) (210,139,20)
(15,21) (210,139,20)
(16,21) (210,139,20)
(17,21) (210,139,20)
(18,21) (210,139,20)
(19,21) (0,0,0)
(20,21) (0,0,0)
(21,21) (0,0,0)
(22,21) (0,0,0)
(23,21) (0,0,0)
(0,22) (0,0,0)
(1,22) (210,139,20)
(2,22) (246,228,140)
(3,22) (251,238,152)
(4,22) (241,213,115)
(5,22) (230,187,80)
(6,22) (220,163,50)
(7,22) (210,139,20)
(8,22) (210,139,20)
(9,22) (210,139,20)
(10,22) (210,139,20)
(11,22) (210,139,20)
(12,22) (0,0,0)
(13,22) (0,0,0)
(14,22) (0,0,0)
(15,22) (0,0,0)
(16,22) (0,0,0)
(17,22) (0,0,0)
(18,22) (0,0,0)
(19,22) (0,0,0)
(20,22) (0,0,0)
(21,22) (0,0,0)
(22,22) (0,0,0)
(23,22) (0,0,0)
(0,23) (0,0,0)
(1,23) (210,139,20)
(2,23) (210,139,20)
(3,23) (210,139,20)
(4,23) (210,139,20)
(5,23) (210,139,20)
(6,23) (210,139,20)
(7,23) (0,0,0)
(8,23) (0,0,0)
(9,23) (0,0,0)
(10,23) (0,0,0)
(11,23) (0,0,0)
(12,23) (0,0,0)
(13,23) (0,0,0)
(14,23) (0,0,0)
(15,23) (0,0,0)
(16,23) (0,0,0)
(17,23) (0,0,0)
(18,23) (0,0,0)
(19,23) (0,0,0)
(20,23) (0,0,0)
(21,23) (0,0,0)
(22,23) (0,0,0)
(23,23) (0,0,0)
